100 859
1 8 0 10 1 15 15 7 14 9 14 4 0 15 17 11 14 15 9 19 3 19 2 19 11 14 16 13 4 9 16 11 4 8 1 12 14 14 3 5 14 20 7 1 3 13 2 6 18 7 6 8 18 18 11 12 16 5 5 9 12 4 14 17 6 17 0 9 5 9 4 10 8 10 20 12 7 11 9 20 18 17 2 1 17 6 14 0 5 12 3 9 7 0 12 14 5 2 9 15
1 60
1 5
1 27
1 27
1 43
1 84
1 79
1 41
1 57
1 59
1 66
1 4
1 61
22 83
22 1
22 1
22 64
22 61
22 69
22 45
2 100
2 7
2 7
2 27
2 89
2 81
2 66
2 88
2 47
2 65
100 3
100 43
100 36
100 65
100 94
100 94
100 47
100 87
100 28
100 33
3 62
3 48
3 48
3 71
3 93
3 57
3 32
3 29
3 69
65 5
65 79
65 30
65 99
65 82
65 58
65 61
65 3
65 80
65 80
65 44
65 78
65 11
4 63
4 24
4 19
4 93
4 81
37 47
37 55
37 92
37 31
37 4
37 75
37 9
5 68
5 14
5 44
5 48
5 49
5 4
5 39
5 20
5 10
5 81
5 92
5 41
68 53
68 9
68 96
68 10
68 19
68 15
68 25
68 84
6 56
6 30
6 37
6 2
6 81
56 36
56 63
56 61
7 36
7 29
7 70
7 87
7 52
7 71
7 25
7 39
7 44
7 94
7 94
7 66
36 78
36 78
36 13
36 52
36 24
36 8
36 59
36 28
36 7
8 16
8 74
8 64
8 100
8 30
8 42
9 81
9 32
9 65
9 93
9 92
9 90
9 23
9 67
9 24
9 29
81 47
81 37
81 72
81 72
81 82
81 15
81 57
81 57
81 33
81 75
81 34
81 78
81 74
81 21
81 100
10 78
10 96
10 28
10 71
78 59
78 84
78 86
11 72
11 77
11 30
11 82
32 86
32 13
32 62
32 38
32 48
32 11
32 55
12 51
12 94
12 57
12 57
12 78
12 99
12 16
12 13
12 41
51 21
51 6
51 29
51 47
51 62
51 27
51 58
51 100
13 79
13 75
13 61
13 87
13 99
13 20
79 22
79 11
79 26
79 23
79 53
79 64
79 95
79 57
14 15
14 23
14 58
14 45
14 33
14 92
14 52
14 55
55 52
55 9
55 28
55 8
55 34
15 74
15 7
15 85
15 49
74 26
74 47
74 97
74 44
74 35
74 88
74 32
74 95
16 30
16 100
16 9
16 81
16 99
16 87
16 33
16 79
16 97
16 62
16 2
16 32
16 24
16 89
30 34
30 93
30 5
30 56
17 15
17 67
17 32
17 57
17 94
17 36
17 16
83 43
83 47
83 70
83 35
83 73
83 36
18 2
18 2
18 28
18 85
18 1
18 86
18 80
18 35
18 21
18 6
18 58
18 84
26 62
26 19
19 20
19 44
19 39
19 54
19 54
19 41
19 87
19 40
19 16
19 47
19 46
19 48
20 85
20 93
20 99
20 11
20 11
20 61
20 67
20 43
20 18
20 68
20 47
20 25
20 10
20 2
85 71
85 100
85 100
85 50
85 59
85 59
85 65
85 11
85 39
85 64
85 68
85 89
21 94
21 46
21 20
21 22
21 79
21 71
21 91
46 68
46 80
46 35
46 30
46 24
46 66
46 57
46 61
46 11
46 84
46 5
64 77
64 40
64 69
64 98
23 76
23 20
23 14
23 51
23 62
23 96
23 82
23 29
23 74
23 74
76 61
76 57
76 82
76 81
76 42
76 67
76 75
76 5
24 99
24 5
24 34
24 95
24 72
24 50
24 60
24 3
24 53
24 43
99 8
99 27
99 100
99 44
99 70
99 61
99 85
99 32
99 25
99 9
99 23
25 94
25 94
25 81
25 71
25 99
25 30
25 33
25 35
25 18
94 17
94 96
94 93
94 21
94 33
94 37
94 6
47 4
47 18
47 18
47 82
47 17
47 41
47 95
47 93
47 62
47 69
27 11
27 84
27 19
27 76
27 49
27 23
27 81
27 32
28 82
28 20
28 20
28 34
28 75
28 72
28 58
82 39
82 39
82 35
82 71
82 79
82 99
82 91
82 19
82 19
82 96
82 36
29 22
29 99
29 17
29 94
29 11
29 11
29 65
29 50
29 77
29 30
29 84
31 29
31 17
31 99
31 76
31 86
31 49
31 52
31 32
31 58
86 100
86 51
86 51
86 72
86 16
86 58
86 48
86 35
86 66
86 38
33 87
33 36
33 90
34 66
34 13
34 63
34 92
34 40
34 7
34 16
34 4
34 96
66 22
66 22
66 73
66 85
66 85
66 70
66 86
66 10
66 97
35 48
35 40
35 19
35 60
35 62
35 41
35 42
35 83
35 68
35 81
41 53
41 91
41 63
41 47
41 27
41 59
41 22
41 71
41 32
38 4
38 94
38 95
38 18
38 92
38 80
38 91
39 92
39 53
39 49
39 48
39 66
39 18
39 95
39 22
39 52
39 97
39 37
40 63
40 51
40 59
40 57
40 69
40 5
40 34
40 72
40 42
63 51
63 23
63 23
63 68
63 18
63 98
63 82
53 100
53 76
53 4
53 75
53 8
53 55
53 21
53 30
53 77
53 88
42 71
42 71
42 90
42 36
42 55
42 47
42 63
42 73
42 1
42 56
71 44
71 87
71 42
71 68
71 26
43 80
43 80
43 69
43 78
43 11
43 30
43 35
43 81
43 55
92 79
92 49
92 1
92 86
92 93
92 3
92 71
92 57
92 45
92 17
44 88
44 54
44 5
44 91
44 83
44 51
44 81
44 93
88 97
88 81
88 18
88 91
88 55
88 9
88 71
88 48
88 56
88 24
88 33
88 36
45 81
45 81
45 94
45 11
45 38
45 6
45 22
45 49
45 95
45 47
45 25
45 72
48 62
48 64
48 86
48 30
48 59
48 11
48 41
48 5
48 5
48 66
48 65
93 31
93 48
93 77
93 30
93 98
93 78
93 36
93 3
93 23
93 8
49 99
49 38
49 47
49 1
49 80
49 96
49 84
49 83
49 74
50 2
50 43
50 74
50 24
50 42
50 57
50 12
50 90
50 75
50 20
52 1
52 51
52 5
52 98
52 35
52 74
52 29
52 77
52 59
52 25
52 3
89 8
89 67
89 1
89 32
89 16
89 73
89 90
89 99
89 58
89 58
89 5
89 98
89 35
54 80
54 5
54 47
54 53
54 43
54 32
80 33
80 26
80 93
80 1
80 47
80 5
80 7
80 49
57 79
57 21
57 24
57 88
57 40
57 61
57 3
57 63
57 20
58 77
58 16
58 96
77 65
77 35
77 88
77 59
77 78
77 3
77 41
59 14
59 68
59 71
59 89
59 92
59 28
59 19
60 48
60 73
60 87
60 92
60 67
61 9
61 91
61 37
61 73
62 52
62 48
62 17
62 72
62 94
62 9
62 33
62 37
67 89
67 6
67 74
67 8
67 8
67 35
67 70
67 65
67 43
67 50
67 23
69 91
69 95
69 70
69 70
69 62
69 62
69 30
69 66
69 64
69 10
69 20
69 100
69 100
69 65
69 53
69 77
69 80
91 75
91 20
91 85
91 62
91 1
91 82
91 40
91 68
91 13
91 57
70 77
70 50
70 76
70 61
70 1
72 14
72 93
72 48
72 48
72 32
72 58
72 63
72 55
73 84
73 45
73 90
73 36
73 26
73 80
84 1
84 1
84 4
84 57
84 53
84 55
84 72
84 98
84 45
84 3
84 49
75 91
75 82
75 47
75 81
75 54
75 38
87 18
87 23
87 77
87 89
87 98
87 30
87 86
87 86
87 53
87 53
87 35
87 55
87 51
87 66
97 51
97 6
97 6
97 11
97 66
97 9
97 28
97 53
90 16
90 55
90 11
90 50
90 40
90 73
90 14
90 94
90 86
90 32
90 91
95 90
95 54
95 23
95 75
95 66
95 27
95 9
95 20
96 35
96 64
96 14
96 65
96 23
96 44
96 34
96 84
96 15
98 78
98 18
98 90
98 24
98 33
98 82
98 58
98 16
98 30
98 47
609
55 58 2 1 17 18539
211 206
49 70 2 1 18 26868
629 768
54 2 2 1 5 29036
671 29
41 90 2 1 4 89954
494 831
24 39 2 1 19 96116
353 81
33 45 2 1 25 1824
208 207
3 97 3 1 9 89651
359 138 819
51 30 2 1 8 58099
183 96
6 33 2 1 3 91391
99 148
97 51 1 1 23 57984
814
62 88 2 1 31 2446
723 586
11 59 2 1 6 90632
610 609
51 65 2 1 24 52364
184 431
11 28 2 1 12 90065
290 409
17 38 2 1 9 25558
249 169
60 8 2 1 19 14532
713 730
38 30 3 1 23 57802
495 80 245
36 40 2 1 29 55628
542 521
16 24 1 1 2 91402
241
96 46 2 1 29 91117
841 321
66 32 2 1 14 33802
614 170
6 46 2 9 23 71174
96 322
72 1 2 1 12 90898
789 784
37 48 2 1 15 91444
512 505
46 44 2 1 25 27410
329 575
38 35 2 1 19 26588
498 267
25 13 2 1 29 93959
297 195
83 66 2 1 13 77786
14 468
72 100 2 1 16 8119
412 39
10 28 1 1 12 69029
157
36 14 2 1 28 86978
118 210
99 93 2 1 16 13736
362 625
9 67 1 1 16 81216
137
88 83 2 1 18 72346
592 259
84 61 2 13 38 45969
784 13
6 96 2 1 17 62130
388 383
43 54 1 1 14 98909
673
99 4 2 1 6 41429
352 64
51 38 2 1 29 88923
447 454
78 36 1 1 5 25861
116
69 7 2 1 20 14326
744 114
92 59 1 1 29 22502
706
29 96 2 1 23 81464
341 845
43 37 2 1 31 39538
562 69
51 4 2 1 27 28982
185 389
67 4 3 1 28 54600
734 5 12
56 94 3 1 26 58140
100 123 113
50 98 2 1 4 90998
638 853
15 56 3 4 7 63281
145 99 95
28 40 2 1 21 14931
410 519
77 6 3 1 15 13072
695 30 98
55 25 2 1 12 14688
212 654
63 44 2 1 7 80961
522 578
99 69 2 1 28 35559
288 747
44 55 2 1 21 30915
573 585
87 50 3 1 17 21111
106 23 635
73 18 2 1 24 73106
782 266
52 38 3 24 39 50598
647 80 495
53 44 2 1 20 35678
672 574
11 3 2 1 22 89165
430 48
26 59 2 1 17 57518
273 708
31 85 2 1 21 45947
438 368
93 7 2 27 39 51667
622 123
16 5 2 20 28 15112
241 353
87 85 2 1 14 90785
800 263
60 100 2 1 2 55440
711 38
5 53 2 24 40 51973
245 536
62 22 2 1 10 42453
742 19
39 19 1 1 6 17406
276
81 10 2 1 18 62246
84 83
55 68 2 1 10 98534
213 88
94 59 3 1 18 30336
829 828 702
9 85 2 1 21 21758
132 306
57 40 1 1 8 36639
687
70 52 2 19 29 98191
768 645
35 31 2 1 23 23760
649 442
100 44 2 8 16 96886
189 578
85 78 2 1 29 11137
305 159
28 40 2 1 21 36111
707 515
24 94 3 27 32 20101
354 463 113
62 84 2 1 2 95078
41 792
84 22 2 1 6 82124
435 425
51 26 2 1 14 63048
186 272
95 17 2 1 23 41747
395 393
80 30 2 1 26 17376
555 559
99 79 2 1 18 10597
194 190
10 58 2 13 21 12152
157 413
48 57 2 1 14 4853
43 689
18 98 1 1 12 14219
851
36 10 2 22 30 93016
122 157
64 34 2 22 37 40343
331 519
64 16 2 1 15 32662
126 124
26 72 2 15 16 76987
272 721
6 50 2 18 25 63004
98 635
8 70 2 20 37 52441
730 732
93 9 1 1 30 387
133
46 11 1 1 17 12813
327
14 62 2 1 31 7911
336 338
95 44 2 21 24 83396
834 574
56 84 3 1 5 87564
101 63 785
33 54 2 1 30 73137
675 669
63 45 2 1 24 3333
775 604
100 55 2 1 2 51426
127 215
67 55 2 17 38 9107
137 213
79 6 3 1 28 36219
7 264 269
27 39 2 7 11 89499
401 276
3 68 2 1 13 94191
44 552
79 89 2 1 15 82436
236 660
75 92 2 1 31 16182
73 70
41 74 2 5 23 65072
494 227
65 31 2 25 33 27735
431 436
50 11 2 13 34 7478
644 290
36 83 1 19 21 65649
259
90 53 2 1 20 46150
823 534
92 88 2 32 39 35092
134 586
30 83 2 27 31 58203
559 254
46 40 2 1 31 4468
284 281
29 99 1 1 7 97891
426
48 89 2 1 25 78472
613 666
93 55 2 1 25 28867
770 776
9 18 3 1 3 73821
231 239 261
56 93 2 1 20 3326
246 619
80 45 2 1 17 36462
500 597
80 28 3 1 27 498
679 391 262
97 93 2 31 35 29956
819 133
37 66 2 16 25 99164
512 506
96 73 2 1 15 41719
848 777
11 65 1 1 22 34884
62
4 56 2 6 20 79265
63 101
92 44 2 1 23 88327
569 549
66 9 2 1 4 89664
837 839
5 79 2 29 37 6597
2 7
67 90 2 1 26 98152
735 825
72 59 2 7 32 97235
772 609
38 80 1 18 28 39135
500
15 79 3 1 17 40881
219 307 197
1 88 2 29 33 65292
264 583
75 60 3 1 20 41633
794 758 1
49 25 2 1 2 20596
600 603
83 4 2 28 29 17656
255 389
23 16 2 4 6 29450
136 231
38 77 3 10 39 81464
169 47 700
44 8 2 1 23 43965
224 125
30 55 2 3 10 39114
128 215
17 2 2 4 30 92080
253 239
69 85 2 29 30 46895
747 286
48 50 3 26 29 24860
615 30 635
77 28 2 22 34 83002
692 413
100 59 2 1 23 19312
33 121
8 38 3 1 28 41878
533 532 799
77 70 1 1 26 87674
764
98 93 1 1 10 94434
620
13 25 3 1 27 8992
459 243 378
91 93 2 1 14 88852
755 287
92 45 1 1 11 51153
571
59 25 2 13 39 57562
653 654
19 63 2 21 35 16934
65 63
66 10 1 1 2 95245
474
71 2 2 18 22 14139
108 23
65 7 2 1 31 46757
60 111
32 41 1 24 28 62077
494
91 81 2 1 8 57640
318 153
77 1 2 1 26 19772
701 8
91 79 2 9 39 35511
318 316
85 2 2 15 18 59023
263 261
93 28 2 15 30 49140
287 409
65 31 2 1 13 91657
55 444
27 95 1 1 20 22009
838
37 31 1 1 24 98786
71
70 78 3 3 28 85734
472 474 155
17 5 2 1 7 49415
572 85
80 84 2 25 30 25701
266 271
79 12 2 16 40 78325
236 179
18 91 2 15 39 11068
294 755
89 63 2 1 10 94646
667 527
7 9 2 1 14 8298
104 139
17 48 2 15 24 84238
249 170
92 1 1 1 12 6217
565
17 65 2 1 17 43081
248 733
40 46 2 9 33 37400
687 325
21 19 2 1 24 16466
314 274
2 71 2 1 29 56069
28 587
27 35 2 1 30 21500
490 481
7 41 3 1 29 75926
681 680 86
12 99 1 1 25 8963
178
31 49 1 1 9 97606
441
100 67 2 29 39 76300
32 734
79 28 2 1 31 79794
418 407
76 56 2 1 22 58257
348 548
25 66 2 21 22 27829
109 114
13 25 2 30 34 50022
195 297
21 25 2 1 15 32311
268 381
45 88 2 1 7 10717
594 582
52 19 2 24 39 99745
649 478
23 3 2 24 31 47027
341 48
6 8 2 24 28 48479
96 128
19 28 2 22 37 69921
708 707
23 14 3 1 29 69919
335 82 76
8 67 2 1 25 37117
656 726
21 18 1 16 37 47801
268
78 85 2 22 38 50128
61 306
13 79 1 19 34 46012
190
18 65 2 14 29 26023
270 55
9 92 1 1 27 3358
134
27 9 2 7 28 16035
404 136
39 86 2 1 31 10451
507 265
2 63 2 19 32 41675
261 526
28 89 3 17 36 71623
39 21 25
40 97 3 9 33 48149
514 183 816
25 68 1 1 27 34420
93
55 35 2 1 18 17418
543 482
11 34 3 1 19 59196
164 229 464
16 6 2 31 33 5410
239 98
69 37 2 1 19 86832
398 68
45 66 2 14 28 3398
599 468
29 32 2 15 36 58149
139 131
87 84 2 15 23 13768
800 271
21 93 2 31 32 27900
314 287
23 66 2 1 17 78783
801 813
7 25 1 23 32 78129
109
86 33 2 1 4 58784
449 235
100 57 2 15 30 80397
31 689
37 13 2 1 23 98903
716 192
80 50 2 27 38 71073
555 636
12 78 1 1 3 44540
177
96 20 2 1 22 36766
156 298
8 48 2 16 32 64526
126 606
9 34 2 20 23 32956
231 464
58 47 2 30 39 79795
270 391
31 64 3 33 38 59619
616 625 126
96 87 2 24 37 47630
845 801
92 71 2 14 34 59769
568 44
98 60 2 5 20 21375
853 358
18 71 3 13 39 65807
851 855 417
58 19 2 1 4 25503
693 282
66 2 1 1 21 96595
27
48 50 3 1 14 10871
611 181 641
67 94 2 18 19 50920
727 388
60 11 2 7 14 93607
709 610
81 33 1 4 16 91561
148
18 19 2 24 38 11118
800 280
21 11 2 18 32 12560
313 327
61 99 1 1 14 11435
367
35 75 2 1 17 686
485 797
33 10 3 11 38 42102
724 742 746
85 42 2 1 10 56210
303 639
71 75 3 1 24 99213
550 193 191
22 28 3 1 13 97961
509 511 820
82 55 3 11 24 58526
424 120 215
43 27 2 29 31 76591
5 4
50 15 2 1 28 87643
637 217
3 68 2 3 28 77554
792 94
97 39 2 1 28 74629
821 503
7 25 1 1 12 41171
109
24 1 2 1 16 87965
685 9
52 75 3 13 26 55597
212 214 411
13 57 2 1 11 67314
180 176
90 59 2 19 35 19344
828 702
6 89 3 16 40 18132
99 232 660
96 78 2 16 38 56149
848 160
87 95 3 1 26 43026
812 337 835
84 41 2 1 30 37548
787 486
34 67 3 1 30 14676
460 524 736
29 36 2 1 16 76262
427 252
15 55 2 18 24 43491
204 211
54 10 2 19 27 85704
670 83
30 50 2 1 20 14476
434 432
71 53 2 1 12 55850
317 535
30 79 2 20 29 89580
164 197
74 95 1 1 8 44927
228
81 35 1 18 23 18524
485
1 14 2 13 33 48411
565 209
46 22 2 1 29 57147
326 18
67 22 3 18 38 78527
248 427 425
3 22 3 1 31 91117
49 745 17
81 97 2 36 39 59047
130 819
99 56 2 15 35 77253
367 102
80 95 2 1 22 33118
753 738
90 88 2 1 11 92277
457 591
69 6 2 29 30 69007
743 96
48 21 3 33 40 474
613 82 314
92 31 2 8 18 9783
572 437
80 94 2 1 24 82028
677 384
87 8 2 16 32 95116
234 124
79 67 3 1 27 63927
683 691 292
36 55 3 1 30 77639
117 167 172
40 89 2 1 17 35502
477 668
73 21 3 14 27 98335
258 14 315
16 87 2 5 32 99241
235 455
69 4 2 1 27 31544
751 531
98 6 3 1 22 38160
859 602 598
61 68 2 11 28 61672
714 88
79 87 2 1 7 86778
200 809
89 64 2 1 19 9524
311 309
32 55 3 1 29 78467
406 400 788
25 41 2 1 20 55249
376 493
43 63 3 18 38 15888
560 477 513
37 38 2 1 11 13138
387 496
39 60 2 16 23 28579
505 709
50 11 2 23 35 44471
432 430
28 69 2 31 34 58961
409 747
27 15 2 1 17 55299
403 220
21 87 2 27 37 76228
182 812
72 13 3 25 40 100000
143 797 191
57 5 2 1 13 15234
345 351
32 83 3 1 26 16642
168 480 483
78 77 1 1 18 53188
699
31 15 2 19 39 33624
437 247
11 48 1 15 34 63086
610
16 89 2 1 17 9851
240 659
58 34 2 1 22 66638
694 847
28 13 2 35 38 94164
409 195
59 33 2 36 37 2863
702 208
70 15 2 1 16 94772
105 218
28 2 3 27 37 25171
411 796 29
55 86 2 1 21 23173
811 807
72 42 2 26 38 8960
776 543
76 13 2 24 31 7806
344 192
31 28 3 1 19 2415
616 622 122
78 55 3 1 31 94194
151 150 216
4 61 3 17 40 91351
64 685 688
42 47 1 1 22 37564
544
36 81 3 1 27 28646
456 379 375
6 46 4 10 40 68165
97 74 138 323
55 32 2 21 35 31296
823 831
61 29 3 32 40 39338
56 57 48
6 70 2 1 4 89781
727 732
28 42 2 31 40 40336
122 542
88 41 2 15 35 86041
588 611
18 40 3 20 40 69263
498 501 760
62 8 2 33 38 16632
238 124
54 51 3 12 35 21459
278 401 187
80 21 2 33 39 67353
320 313
23 69 3 11 36 4506
199 196 19
84 23 3 1 22 89933
793 634 343
13 1 2 21 24 96429
762 758
2 80 3 1 19 50264
24 4 678
1 29 3 1 25 8907
10 698 433
41 32 1 29 30 6796
494
18 32 3 19 36 94121
263 307 171
85 70 2 11 20 77835
303 765
47 24 2 23 40 49290
859 853
10 73 3 1 26 26210
158 553 781
1 39 2 14 26 67848
16 509
2 64 4 8 31 46144
26 582 697 330
89 9 2 1 20 24681
662 135
65 41 2 30 32 84810
50 86
72 29 2 13 20 36948
789 435
45 100 2 23 24 44596
602 37
74 67 1 1 6 90287
728
74 5 2 1 23 27368
650 647
53 29 2 21 23 35391
536 434
92 14 3 18 37 55353
566 450 206
39 99 2 1 16 17779
504 626
71 22 3 1 31 6704
704 491 492
75 49 2 1 13 12079
796 628
83 80 2 1 29 38502
633 682
7 74 3 9 36 35008
110 508 228
33 60 3 3 33 53762
854 804 711
24 12 2 15 37 21754
638 641
27 71 3 23 38 4081
24 23 108
81 74 1 1 26 80651
152
43 1 3 21 37 72566
361 358 1
100 2 3 1 19 28512
32 293 299
42 65 3 1 30 27408
546 717 56
93 72 1 26 35 31621
770
11 8 3 29 40 15982
62 52 128
55 97 2 11 14 57153
213 819
79 50 2 28 33 96961
683 640
96 6 2 20 39 90171
383 388
44 67 2 32 36 66458
60 733
51 89 2 1 27 96399
188 665
25 8 3 3 32 15588
374 36 127
62 92 2 3 10 53663
41 568
97 34 2 1 27 7957
818 458
17 97 2 31 35 58965
253 237
70 78 3 22 40 51074
256 259 116
42 4 4 1 30 52945
545 690 147 67
24 18 2 1 28 66880
590 583
44 61 2 1 22 69789
576 715
7 71 1 1 14 35290
108
37 77 3 1 27 91130
725 718 652
29 93 2 32 39 60233
341 624
57 26 3 17 40 58601
250 720 272
81 60 2 24 28 52293
485 479
45 10 3 25 39 42403
602 296 298
87 93 2 21 27 6709
805 619
75 23 2 1 3 40501
350 334
39 75 2 1 29 74516
415 795
62 91 1 1 21 40095
757
27 47 2 31 38 99596
490 489
30 82 2 1 15 33175
52 54
89 44 2 1 26 41190
663 365
71 19 3 1 30 59828
300 310 91
31 23 2 4 32 80913
439 334
43 99 2 29 35 7966
293 288
49 90 3 21 37 83318
626 371 135
92 28 3 14 34 98859
502 511 820
87 36 3 8 28 85541
809 360 119
89 15 2 20 38 86564
311 219
29 39 2 1 25 54145
651 510
30 32 3 18 40 51749
858 857 240
33 76 2 17 20 36760
148 347
18 52 5 16 39 10728
381 377 352 359 655
37 61 5 8 32 80314
141 145 92 295 291
72 71 4 1 28 73776
162 824 541 551
25 53 3 21 37 34011
376 317 535
60 100 2 34 36 90621
711 38
25 61 3 1 15 49500
377 366 767
98 66 3 1 16 16495
648 645 11
71 6 3 39 40 339
108 23 98
34 11 3 12 33 96716
461 571 596
100 33 1 1 4 87322
40
59 66 2 26 40 4876
10 11
29 1 2 7 12 63503
425 16
93 65 2 1 24 5284
623 57
23 12 2 27 38 43643
337 173
14 87 2 25 30 16030
211 811
58 45 3 14 36 21377
444 441 600
3 17 2 11 15 36072
41 720
89 99 1 27 40 96822
663
16 64 2 1 3 6354
857 333
69 57 2 32 34 51208
49 689
32 67 2 24 29 43121
227 728
1 19 5 11 37 73731
658 667 856 693 282
14 64 2 1 9 59011
843 842
35 68 1 1 20 81084
484
70 9 2 29 30 45224
767 714
38 43 4 1 31 54930
499 567 621 557
53 72 3 1 21 90570
537 692 774
43 62 3 3 9 11567
361 241 238
13 77 3 19 38 88595
194 53 695
36 8 7 11 39 49927
780 778 601 836 643 639 129
62 32 1 27 39 59660
168
99 27 1 1 11 31575
363
6 38 5 12 38 39002
95 589 591 386 496
97 15 4 1 26 60223
817 165 423 849
53 94 4 12 39 32713
538 686 176 174
72 9 2 1 21 69263
143 130
21 4 3 12 35 15381
385 387 72
81 21 1 9 20 97328
153
75 83 2 38 40 36266
796 255
13 98 3 31 39 78070
117 118 648
20 94 3 1 17 72346
296 397 722
80 65 1 1 29 55586
59
94 13 5 19 38 59842
829 832 487 181 180
69 12 3 1 8 80931
517 514 173
28 79 4 23 38 91910
410 847 842 201
53 12 3 38 40 62315
360 638 641
57 97 3 1 15 19564
763 584 581
44 11 3 35 38 48977
275 274 290
20 61 1 1 6 12548
291
79 4 2 28 34 76514
200 531
52 27 3 28 40 62949
652 163 399
19 34 2 1 8 92682
65 465
32 20 3 1 18 99162
674 834 840
98 29 4 1 25 77499
790 791 595 428
81 50 2 1 12 7983
561 636
84 99 2 30 38 4351
400 363
10 54 2 28 39 86302
83 670
23 39 3 12 33 46032
340 422 276
43 67 4 1 30 17328
556 752 696 731
9 94 4 24 40 1074
839 395 393 382
95 57 3 1 22 25138
202 563 570
63 97 2 24 30 29050
522 814
28 26 5 18 39 27570
412 721 397 283 273
8 74 1 24 31 70547
125
14 26 4 27 40 20354
843 156 158 553
96 60 2 30 36 12224
841 479
4 71 4 14 38 63670
785 328 319 552
45 88 2 32 35 60797
594 582
2 74 2 6 11 54186
29 222
97 9 1 15 23 81466
819
92 16 4 5 23 58286
712 479 452 449
26 33 4 21 39 91303
221 222 140 148
1 19 4 19 37 48392
547 482 476 285
64 15 3 10 13 31326
842 843 204
35 28 2 28 30 19680
267 262
60 3 2 24 31 41423
709 43
60 94 4 26 37 63272
710 777 435 428
96 89 2 28 33 75430
694 665
17 21 3 23 39 66152
572 570 684
70 62 5 1 30 48883
740 749 445 607 719
53 49 2 29 37 35949
503 504
7 72 3 25 35 96997
218 204 769
30 96 3 1 15 73374
608 615 844
90 72 2 29 32 41293
824 162
90 29 3 8 35 88132
822 233 426
72 49 3 1 21 4746
520 518 79
17 31 1 1 5 42886
437
98 4 2 11 26 67730
620 66
72 56 2 25 37 7976
775 101
16 63 2 31 40 66645
464 460
44 40 3 22 39 93702
579 84 518
93 5 3 22 39 57085
396 628 79
22 31 3 32 38 27009
492 494 443
95 63 2 31 32 53153
835 524
80 66 2 1 19 52989
320 324
68 46 1 39 40 4149
319
30 61 3 1 14 38551
536 530 344
19 92 3 24 40 5508
279 493 569
81 10 4 21 40 61844
347 351 75 90
28 20 3 33 36 49379
262 261 299
31 89 4 1 29 40678
440 473 469 661
20 33 3 19 31 15023
840 833 457
44 92 3 1 23 43005
846 631 564
96 32 5 1 30 93581
89 525 528 419 369
48 44 2 1 19 6659
617 580
72 47 3 30 36 94574
520 521 544
63 31 3 34 39 54214
522 184 436
84 90 2 26 38 20765
790 852
44 88 1 22 28 73490
573
91 73 2 1 11 1081
832 827
74 89 3 1 31 3948
225 810 803
81 25 2 8 26 69510
594 603
51 37 2 28 33 59997
185 68
3 26 3 25 38 26920
623 677 676
99 64 2 22 38 25029
368 309
66 89 2 37 38 82534
27 25
57 50 1 34 37 99006
640
74 41 3 27 36 22175
634 629 8
60 61 3 33 40 24196
713 292 291
66 83 4 25 40 44064
837 834 574 577
54 63 3 6 25 62709
671 489 488
36 66 3 30 38 87815
424 415 506
75 59 4 15 37 92747
350 530 87 703
25 67 4 1 16 89246
380 416 346 349
20 66 2 22 31 21583
299 27
78 41 2 27 37 65097
699 701
38 57 2 16 19 52359
501 763
12 13 1 12 14 61273
180
79 33 3 5 31 63838
51 34 40
42 48 3 35 39 17554
551 44 43
10 86 2 30 31 82357
474 473
91 79 3 1 18 338
760 331 201
46 8 3 32 40 85802
321 225 125
32 5 4 1 21 14715
166 161 61 50
67 95 5 18 40 49149
349 402 403 627 497
60 95 3 24 34 33635
712 563 202
61 1 2 25 40 62559
715 758
56 19 5 1 11 3094
102 13 2 670 278
70 84 3 14 31 1937
766 345 786
50 95 2 35 36 15944
644 840
55 43 1 32 38 63396
562
98 97 2 4 16 45797
857 237
60 7 3 35 40 23982
712 461 463
4 16 11 9 25 77321
465 354 356 448 830 826 517 737 756 302 230
63 37 3 33 40 38213
526 507 512
84 25 5 24 39 50579
789 773 166 452 380
96 54 3 27 40 87653
423 392 671
6 27 5 26 40 14399
598 604 356 355 838
84 67 3 31 39 42679
271 269 727
80 4 2 29 34 51485
678 12
86 96 4 25 38 58058
807 550 549 846
99 7 2 17 27 93670
366 105
63 87 4 28 40 10952
527 620 619 805
94 59 3 33 40 74691
36 33 121
4 34 1 26 39 4032
465
54 96 3 31 39 74241
669 682 631
52 14 1 29 36 6737
210
27 87 3 3 30 95037
405 154 38
84 21 2 1 3 39835
328 313
14 92 1 1 8 99342
209
65 17 5 25 38 41
750 744 614 170 249
51 22 2 1 9 73786
182 315
8 4 2 35 38 32963
533 531
17 49 6 26 40 4520
252 120 656 666 85 564
7 40 4 26 39 92568
104 433 698 515
48 65 10 21 40 16633
617 580 578 189 529 672 673 561 144 54
59 3 2 1 10 12154
653 655
30 48 1 16 28 90609
608
19 44 1 1 15 93290
275
76 42 1 23 31 24560
348
5 71 3 30 40 76629
353 590 587
70 68 5 1 18 96733
256 255 392 759 761
86 75 2 30 31 42724
454 799
44 100 3 1 15 80947
579 140 37
59 38 2 32 40 3194
706 499
31 51 7 23 40 45724
438 372 343 226 584 757 186
35 31 3 18 26 20332
668 659 443
27 87 3 1 25 13901
399 163 802
84 22 2 29 36 41393
791 599
66 85 1 1 4 6657
471
61 98 4 1 10 77783
688 786 160 850
7 75 3 36 39 74608
113 387 73
93 25 3 27 38 97564
384 595 603
42 74 5 26 40 64002
548 246 434 651 650
57 88 5 24 39 50884
763 576 224 223 581
99 74 2 31 35 56651
369 227
45 12 4 34 39 80280
596 558 557 177
74 91 4 28 40 63837
152 375 93 761
96 58 1 23 27 35555
694
35 82 1 17 28 94582
416
82 62 2 34 37 22513
340 338
37 97 2 1 7 81976
97 816
69 93 2 31 39 81165
752 618
2 99 2 1 15 63105
21 364
41 60 2 36 40 76948
611 709
58 35 4 1 8 234
856 855 422 478
97 70 2 29 36 77681
818 472
69 87 2 1 20 86155
743 805
58 1 3 30 40 76226
188 646 645
26 14 3 36 40 37733
781 827 828
92 87 9 1 10 66279
461 463 107 646 187 402 347 232 234
96 81 3 32 40 28846
844 30 26
9 14 2 32 34 20480
136 336
86 41 3 32 40 29456
265 267 481
95 14 4 30 39 16505
738 753 680 76
14 95 2 35 36 91835
336 835
35
454
133
125
122
564
333
212
345
106
267
54
754
508
-1
