10 70
3 1 30000 
0 5000 10000 16000 3000 8000 
3 10 30000 
0 9000 1000 16000 3000 8000 
3 5 20000 
0 10000 1000 18000 3000 8000 
3 1 30000 
0 11000 1000 16000 3000 8000 
3 2 30000 
0 12000 1000 19000 3000 8000 
3 1 30000 
0 13000 1000 16000 3000 8000 
3 2 30000 
0 1000 1000 20000 3000 30000 
3 0.1 30000 
0 5000 100 10000 2000 30000 
2 0.5 30000 
0 8000 1000 20000 
4 1 10000 
0 10000 1000 16000 3000 18000 5000 20000
4 0.01 30000 
0 10000 1000 16000 3000 18000 5000 20000
4 1 20000 
0 10000 1000 16000 3000 18000 5000 20000
6 1 20000 
0 8000 500 16000 1000 8000 1500 20000 2000 10000 2500 15000
1 1 30000 
0 9000  